38 27
25 96
22 1
72 60
43 33
32 81
65 63
71 61
10 92
18 90
40 43
2 50
93 11
21 85
39 73
33 51
98 10
70 100
96 49
80 19
66 16
30 78
16 24
69 12
90 18
28 86
20 72
58 94
15 17
14 53
34 21
62 45
79 31
64 88
12 70
74 29
95 47
85 68
11 35
26 48
78 56
63 66
13 25
52 98
68 20
46 34
77 38
92 9
8 69
61 75
59 99
75 83
41 71
5 4
37 64
87 87
84 79
45 58
31 30
36 7
7 65
60 97
76 2
83 93
55 57
24 41
100 22
94 26
49 84
88 77
1 39
50 40
82 76
19 80
73 54
42 62
57 6
51 82
91 3
89 59
48 89
9 13
67 42
27 44
81 74
29 37
4 28
3 67
86 23
97 52
44 5
56 95
53 46
17 91
23 36
6 32
47 55
35 14
99 8
54 15
