818
402
753
113
359
131
876
447
45
232
794
945
927
412
951
198
159
439
286
183
770
579
897
572
381
683
882
180
29
431
256
199
185
9
664
544
492
541
991
538
125
785
835
404
198
786
603
709
577
889
244
347
468
493
272
201
176
154
382
557
585
638
757
770
999
421
314
492
314
658
382
792
443
217
196
993
3
799
702
933
688
946
280
509
439
552
710
968
707
92
525
644
82
634
415
82
56
81
926
722
739
308
514
535
877
711
880
232
510
583
165
551
881
798
60
673
702
770
993
761
863
518
406
945
505
173
379
913
606
305
635
698
965
150
233
194
213
113
427
723
48
944
274
282
742
686
955
445
457
948
558
672
818
964
969
323
137
349
588
96
6
224
794
972
726
27
166
939
492
945
14
541
890
641
823
984
327
130
781
784
430
340
808
248
656
778
924
146
127
512
242
485
88
36
809
814
63
976
753
907
273
768
448
163
409
623
500
88
753
281
225
535
973
33
136
630
811
60
776
290
924
18
776
365
54
585
179
469
913
285
376
187
53
177
702
814
152
202
902
258
836
127
793
809
513
929
439
324
341
567
967
618
585
95
983
991
32
514
812
946
799
541
485
204
718
539
18
222
94
273
480
930
752
274
739
265
555
531
942
897
98
909
867
36
4
850
27
36
364
840
334
164
381
171
720
451
711
91
25
805
364
506
735
468
132
826
86
687
709
28
936
160
289
803
196
645
5
223
33
722
415
368
238
148
539
958
951
602
49
977
407
765
835
494
234
967
673
320
6
382
700
295
542
989
450
738
634
808
314
667
530
81
387
768
582
279
726
533
881
128
862
641
893
49
135
127
16
808
799
375
191
499
22
85
840
472
824
474
632
490
494
162
923
881
930
505
160
9
391
394
137
605
35
30
655
170
510
23
331
661
750
522
161
772
959
1
597
135
828
229
625
322
744
901
555
674
406
68
35
149
462
524
755
849
555
762
19
417
785
702
78
536
224
591
660
184
945
257
319
773
839
297
447
583
198
354
609
956
774
997
106
588
521
213
437
76
975
809
845
112
511
924
648
88
867
661
624
812
270
295
937
109
592
736
44
142
91
6
99
217
3
557
806
524
770
243
953
97
52
798
209
916
74
210
4
942
871
628
754
493
923
44
955
868
780
999
10
223
357
461
441
360
370
247
885
492
842
838
589
895
988
151
811
63
361
167
5
584
