58 8
63 95
7 67
24 4
94 2
88 90
59 86
41 55
48 84
76 80
53 83
60 69
8 61
93 66
43 29
6 38
78 6
71 18
90 7
57 28
69 5
2 100
61 33
38 70
22 41
67 88
20 25
21 24
77 93
36 39
64 1
29 37
34 58
18 17
51 96
87 40
89 35
99 91
26 44
23 87
19 31
42 60
62 9
100 51
54 43
50 36
15 22
74 63
97 11
70 54
27 97
46 56
66 27
68 94
37 89
83 46
73 65
16 73
33 68
81 82
72 64
56 3
52 48
4 23
12 92
79 19
30 81
13 10
75 71
86 72
17 32
82 12
49 15
47 26
25 47
39 85
28 13
1 16
44 78
14 76
65 77
9 74
92 14
11 53
84 62
32 79
5 34
96 99
98 98
35 30
80 57
85 42
45 49
95 52
3 59
55 50
31 75
91 45
10 20
40 21
