41 10
49 61
22 20
25 42
92 13
59 59
6 99
84 57
69 97
87 56
45 50
58 19
2 15
67 73
36 96
48 44
64 49
7 93
4 40
100 23
30 34
55 53
23 67
19 75
21 77
20 5
61 60
81 90
29 9
27 76
46 24
63 88
83 72
8 71
60 18
77 83
71 29
15 54
76 86
94 81
56 68
1 98
97 66
24 7
16 32
98 30
89 69
18 95
57 65
68 2
40 100
28 63
33 47
51 41
52 55
32 62
86 38
90 52
95 16
85 12
14 87
72 78
11 11
26 51
9 33
31 85
73 94
96 58
35 17
78 82
17 26
75 80
39 46
82 4
3 91
88 79
62 70
99 25
79 39
47 3
74 45
80 6
37 43
91 28
5 37
42 8
43 27
93 31
10 92
13 1
44 21
65 64
34 36
12 22
66 48
50 84
53 89
38 35
70 14
54 74
