97 27
40 81
6 62
54 48
16 64
86 51
36 39
27 34
28 69
14 15
59 80
64 11
42 40
80 50
31 90
58 93
89 18
15 74
52 77
72 12
53 29
21 20
70 14
81 66
48 65
43 17
46 43
24 99
35 72
7 23
8 73
66 46
50 2
10 8
85 63
88 33
96 59
55 86
67 100
41 1
91 36
92 76
98 49
93 84
20 91
34 30
90 94
75 61
37 58
49 4
32 68
87 56
9 25
79 19
44 41
4 53
39 96
1 70
47 97
22 42
33 21
74 35
77 57
13 22
3 52
73 47
45 9
11 7
56 32
62 82
26 24
57 6
25 54
69 38
2 75
60 85
61 5
95 88
29 37
99 67
78 55
65 87
71 71
83 10
84 95
12 78
19 83
51 16
30 45
17 44
5 79
18 3
82 31
94 89
23 92
68 13
100 28
76 98
38 60
63 26
1
26
