15 52
48 30
86 18
99 22
54 64
79 20
78 88
57 50
47 100
95 80
4 58
74 79
46 57
85 81
41 7
84 28
18 4
98 42
73 16
5 6
81 61
28 14
11 25
34 13
35 12
24 84
69 62
88 68
10 37
26 33
60 85
55 17
29 39
82 71
96 35
1 65
56 2
64 44
50 56
42 21
63 53
72 87
32 82
89 70
97 19
68 95
91 34
67 93
37 54
90 46
9 8
25 77
66 38
31 89
40 11
65 63
21 36
13 98
20 76
12 99
30 78
53 75
92 10
3 41
36 67
93 69
19 47
22 24
16 86
43 83
45 97
76 1
77 90
8 32
58 92
62 43
23 59
17 94
75 49
6 5
61 91
7 26
33 31
27 9
14 40
39 45
59 23
94 55
83 51
71 66
44 29
2 48
38 74
70 15
80 72
87 3
51 27
49 96
100 73
52 60
15
80
64
23
49
15
3
68
15
45
83
59
92
52
48
26
