78 99
89 85
77 36
47 70
3 100
42 23
33 20
11 98
1 61
5 96
12 46
91 66
65 82
56 74
23 72
95 88
41 11
61 26
83 79
67 76
73 55
44 48
36 21
55 19
64 58
40 81
80 43
43 9
85 8
2 71
97 42
28 68
49 95
99 64
58 17
50 91
19 31
38 93
82 22
98 92
79 75
48 90
60 14
45 41
84 13
86 30
74 4
26 3
9 49
17 77
93 37
20 54
92 10
52 52
15 24
94 50
29 39
8 25
90 27
72 34
87 97
13 87
35 94
81 53
76 5
37 45
62 67
31 78
59 40
4 86
22 73
30 89
27 60
54 35
16 56
96 29
63 7
70 80
71 69
68 15
66 32
57 33
25 38
88 18
46 83
100 59
6 6
34 1
51 44
21 28
18 2
32 16
7 51
75 84
14 63
10 62
39 47
53 57
69 12
24 65
10
100
45
23
15
78
53
27
96
34
26
