70 33
44 22
20 49
75 87
25 8
72 5
30 66
14 32
95 80
22 16
42 54
93 85
82 7
52 82
13 56
92 60
79 18
86 68
12 20
15 72
63 39
27 74
17 73
32 37
56 79
61 70
9 71
19 88
76 84
35 17
37 52
23 13
68 62
59 47
66 95
2 25
78 97
10 65
1 99
41 78
5 48
99 45
40 76
69 53
97 86
39 83
55 46
21 90
16 4
47 57
46 15
34 6
53 93
85 61
91 3
100 55
65 43
26 94
18 42
71 59
50 100
6 12
90 64
29 21
84 67
8 44
77 75
36 40
11 35
80 89
83 27
28 23
38 31
89 38
3 81
98 14
81 91
24 9
57 98
4 92
67 26
48 58
62 36
73 50
54 19
7 29
51 24
43 30
94 96
74 28
33 1
31 41
45 69
88 34
87 63
58 51
60 2
64 11
96 77
49 10
