4 56
85 26
98 79
46 12
80 18
72 55
83 98
12 37
38 8
51 58
28 65
52 57
78 29
14 9
36 88
91 92
32 38
64 83
55 61
68 16
35 74
19 73
21 17
6 60
11 87
25 72
16 3
29 39
48 90
86 28
96 13
2 43
7 86
90 77
56 71
69 76
65 47
60 50
43 52
67 14
47 95
44 99
81 34
79 53
53 93
75 48
37 23
22 78
3 10
88 19
59 31
31 85
58 5
34 68
73 91
23 41
77 27
76 33
40 11
70 100
94 32
71 81
62 20
33 40
26 67
15 96
30 7
1 63
89 51
39 35
54 54
27 66
61 22
45 36
84 64
93 2
95 45
24 82
17 84
66 70
74 59
13 62
82 21
97 89
57 6
20 49
99 25
100 15
42 69
49 94
41 4
5 30
92 97
87 46
50 1
9 80
63 24
18 42
8 75
10 44
