60 77
48 33
79 46
63 56
74 81
56 8
100 67
50 68
82 49
51 36
27 34
52 43
36 19
94 14
99 89
15 35
11 2
65 62
44 85
62 88
5 97
6 41
59 60
38 87
41 75
16 29
78 84
95 94
49 13
85 95
86 54
33 42
87 66
3 17
17 82
81 28
39 83
47 58
97 99
64 15
14 40
69 23
46 18
84 27
2 78
57 10
34 30
19 76
4 80
72 6
40 16
35 3
42 21
96 91
20 71
55 73
93 79
67 39
43 5
66 61
25 9
24 57
12 24
9 52
61 25
7 100
91 20
90 93
13 7
73 59
45 86
1 38
10 64
71 65
76 74
18 92
8 53
26 4
30 26
53 32
92 12
80 44
68 70
83 69
29 22
88 90
98 47
77 63
89 11
23 48
37 31
75 1
58 45
54 98
70 37
21 50
32 72
22 55
28 96
31 51
